(2019 - 1 ):  -4 -3 -2 -4 -5 -8 -10 -7 -8 -6 -9 -9 -3 -2 -1 -5 -4 +2 -4 -3 -8 -13 -11 -11 -10 -11 -8 -7 -3 -2 +1
(2019 - 2 ):  -2 -4 0 +3 -1 -1 -1 +2 -1 -4 -1 +1 0 -1 +2 +4 +5 -1 +2 +3 -3 -8 -4 0 +3 +2 -2 +3
(2019 - 3 ):  +1 -4 -1 0 +4 -5 0 +3 +6 +5 +4 +1 -1 +3 +4 0 +2 +7 +4 +5 +3 +2 +5 +1 +7 +7 +2 +3 +3 +7 +15
(2019 - 4 ):  +4 +7 +9 +11 +9 +8 +8 +8 +18 +13 +11 +6 +7 +3 +13 +13 +11 +11 +12 +12 +17 +18 +18 +22 +24 +22 +21 +12 +10 +13
(2019 - 5 ):  +16 +10 +15 +14 +22 +23 +24 +22 +22 +24 +19 +22 +21 +18 +20 +18 +18 +20 +21 +22 +25 +26 +18 +16 +19 +24 +20 +28 +29 +28 +22
(2019 - 7 ):  +24 +18 +19 +16 +19 +19 +19 +22 +22 +19 +16 +15 +18 +18 +18 +21 +20 undefined +21 +22 +22 +26 +19 +19 +19 +28 +29 +25 undefined +16 +14
(2019 - 6 ):  +20 +26 +20 +23 +26 +29 +31 +30 +30 +26 +27 +21 +19 +16 +20 +21 +26 +25 +27 +29 +29 +29 +24 +25 +22 +20 +14 +12 +10 +16
(2019 - 8 ):  +15 +16 +17 +13 +14 +19 +21 +26 +15 +14 +19 +21 +23 +23 +20 +19 +17 +22 +21 +28 +25 +20 +22 +23 +20 +22 +21 +17 +22 +25 +24
(2019 - 9 ):  +24 +22 +23 +23 +16 +23 +22 +22 +23 +25 +27 +26 +22 +16 +12 +15 +11 +13 +11 +6 +9 +6 +8 +6 +6 +12 +11 +11 +9 +14
(2019 - 11 ):  -1 +4 +2 +8 +12 +10 +5 +4 +2 +9 +9 +4 +5 +8 +6 +4 +7 +3 +3 +1 -6 -3 -4 -3 -2 -3 -1 0 +3 +3
(2019 - 10 ):  +15 +15 +21 +10 +10 +2 +3 +5 +4 +8 +10 +10 +12 +11 +6 +8 +18 +15 +16 +16 +17 +10 +13 +11 +12 +13 +13 +7 +6 -1 -2
(2019 - 12 ):  -2 -3 -2 -1 +2 +2 +1 +3 +4 +3 +1 +3 +1 0 +1 +3 +2 +3 +4 +2 +3 +3 +6 +4 +1 0 0 0 -4 -3 +1
(2020 - 2 ):  +2 +1 +1 -1 -4 -2 -9 -7 -1 +3 +1 0 -1 +2 +2 +1 +5 +6 +4 +7 +7 +6 +2 +4 +2 +1 +1 +3 +1
(2020 - 3 ):  +5 +4 +5 +7 +7 +5 +12 +5 +11 +7 +8 +7 +3 +7 -2 +5 +9 +10 +11 +5 0 -1 +1 +3 +12 +16 +15 +17 +17 -1 -3
(2020 - 1 ):  -2 +1 +2 -1 +1 -1 -1 +1 +2 +1 0 0 +2 +1 +3 +3 +4 +2 0 +3 +3 0 -4 0 +2 -1 -1 -4 +1 -1 +2
(2020 - 4 ):  +3 +5 +10 +3 +4 +4 +8 +13 +16 +9 +5 +6 +16 +5 +6 +4 +5 +5 +7 +8 +10 +7 +10 +8 +8 +9 +10 +10 +13 +8
(2020 - 5 ):  +13 +16 +24 +19 +17 +17 +18 +12 +14 +16 +21 +25 +12 +14 +12 +13 +15 undefined +11 +15 +8 +9 +9 +10 +18 +19 +18 +21 +14 +23 +11
(2020 - 7 ):  +25 +22 +28 +24 +24 +28 +30 +26 +20 +22 +28 +29 +25 +18 +21 +17 +17 +17 +20 +23 +19 +18 +19 +19 +22 +22 undefined +28 +29 +22 +20
(2020 - 6 ):  +11 +10 +13 +14 +17 +21 +26 +29 +28 +26 +30 +23 +16 +22 +23 +29 +31 +29 +25 +28 +18 +22 +24 +25 +28 +25 +29 +27 +20 +23
(2020 - 8 ):  +21 +19 +21 +24 +26 +27 +24 +24 +24 +25 +19 +17 +14 +15 +19 +21 +22 +20 +20 +21 +22 +24 +25 +21 +24 +16 +21 +19 +17 +22 +30
(2020 - 10 ):  +18 +20 +19 +19 +19 +19 +16 +13 +10 +16 +13 +12 +16 +18 +15 +5 +5 +6 +6 +3 +3 +6 +14 +11 +9 +11 +11 +10 +9 +5 +8
(2020 - 9 ):  +20 +20 +23 +22 +21 +25 +24 +13 +15 +15 +15 +17 +17 +16 +17 +16 +22 +13 +14 +12 +14 +20 +21 +21 +22 +21 +18 +10 +17 +18
(2020 - 11 ):  +6 +6 +8 +9 +8 +7 +10 +10 +2 +4 +2 +2 +4 +3 +1 -1 -4 -1 +1 0 +1 -2 0 +3 +2 0 +2 +2 +2 +1
(2020 - 12 ):  -1 -3 -5 -4 -4 -3 -5 -5 -4 -6 -5 -8 -6 -6 -3 -3 +2 -1 -2 0 +2 -4 -4 -4 -5 0 -6 -6 -5 -3 -1
